0,273
0,270
155,35
10,296
10,128
10,4
10,150
10,110
10,206
10,240
10,2
10,3
9,7
9,4
9,6
9,3
8,5
8,4
8,17
8,13
132,3
132,1
94,4
94,3
94,1
91,5
91,4
91,3
91,1
89,3
89,1
88,3
88,2
88,1
12,3
12,2
12,1
11,30
11,29
11,28
11,27
11,26
11,25
11,24
11,23
11,22
11,21
11,20
11,19
11,18
11,17
11,16
11,15
11,14
11,13
11,12
11,11
11,10
20,2
11,9
20,1
20,3
11,8
11,7
11,6
11,5
11,4
11,3
11,2
11,1
10,313
19,2
10,309
19,1
19,3
10,308
10,307
10,303
10,302
10,298
10,294
10,291
10,289
10,288
10,278
10,272
10,271
10,270
10,266
10,263
10,258
10,257
10,211
10,205
18,1
18,3
10,179
14,1
10,67
14,3
